B:	0.000073 !ton co2/km/ton transportada
Ff:	0.06 !para colombia es 0.120
C: 10
H:	5
M:	5
R: 5
Y: 3
T: 6
Tax: 300

!techo a las emisiones demanda 2
Top: [
0
4806975
5058919
5181895
5305947
5438376
]

Ph: [114 78 78 114 114 ]

!costos de reconversión sin anualizar
rH:[
0	200000	15000	215000	15000	215000	20000	235000	1056000	1256000	1071000	1271000	1071000	1271000	1076000	1291000	100000000	100200000	100015000	100215000	100015000	100215000	100020000	100220000	200000000	200200000	201100000	200015000	200215000	201115000	200015000	200215000	201115000	200020000	200415000	202015000	300000000	300200000	300500000	300500000	302500000	300015000	300215000	300515000	300515000	302515000	300030000	300230000	300530000	300530000	302030000	300055000	300255000	300555000	300555000	302555000	300345000	300545000	300845000	300845000	302845000	302895000	334800000	335000000	335300000	335300000	337300000	334815000	335015000	335315000	335315000	337315000	334815000	335015000	335315000	335315000	337315000	334825000	335025000	335325000	335325000	337325000	335604000	335804000	336104000	336104000	338104000	338254000	400000000	400200000	400500000	400500000	402500000	400015000	400215000	400515000	400515000	402515000	400015000	400215000	400515000	400515000	402515000	400020000	400220000	400220000	400220000	402520000	420000000	420200000	420500000	420500000	422500000	422650000
0	300000	1000000	1000000	2500000	15000	315000	1015000	1015000	2500000	15000	330000	1030000	1030000	2500000	20000	355000	1050000	1050000	2500000	1020000	1380000	2070000	2070000	2500000	2505000	140000000	140200000	140500000	140000000	142500000	140622300	140822300	141122300	141122300	143122300	140622300	140822300	141122300	141122300	143122300	140626500	140826500	141126500	141126500	143126500	188777250	188977250	189277250	189277250	191277250	191427250	256000000	256200000	256500000	256500000	258500000	256009600	256209600	256509600	256509600	258509600	289010837.5	289210837.5	289510837.5	289510837.5	291510837.5	272013600	272213600	272513600	272513600	274513600	303450000	303650000	303950000	303950000	305950000	306100000	-1	-1	-1	-1	-1	-1	-1	-1	-1	-1	-1	-1	-1	-1	-1	-1	-1	-1	-1	-1	-1	-1	-1	-1	-1	-1	-1	-1	-1	-1	-1	-1	-1	-1	-1	-1
0	300000	1000000	1000000	2500000	15000	315000	1015000	1015000	2500000	15000	330000	1030000	1030000	2500000	20000	355000	1050000	1050000	2500000	1020000	1380000	2070000	2070000	2500000	2505000	140000000	140200000	140500000	140000000	142500000	140622300	140822300	141122300	141122300	143122300	140622300	140822300	141122300	141122300	143122300	140626500	140826500	141126500	141126500	143126500	188777250	188977250	189277250	189277250	191277250	191427250	256000000	256200000	256500000	256500000	258500000	256009600	256209600	256509600	256509600	258509600	289010837.5	289210837.5	289510837.5	289510837.5	291510837.5	272013600	272213600	272513600	272513600	274513600	303450000	303650000	303950000	303950000	305950000	306100000	-1	-1	-1	-1	-1	-1	-1	-1	-1	-1	-1	-1	-1	-1	-1	-1	-1	-1	-1	-1	-1	-1	-1	-1	-1	-1	-1	-1	-1	-1	-1	-1	-1	-1	-1	-1
0	200000	15000	215000	15000	215000	20000	235000	1056000	1256000	1071000	1271000	1071000	1271000	1076000	1291000	100000000	100200000	100015000	100215000	100015000	100215000	100020000	100220000	200000000	200200000	201100000	200015000	200215000	201115000	200015000	200215000	201115000	200020000	200415000	202015000	300000000	300200000	300500000	300500000	302500000	300015000	300215000	300515000	300515000	302515000	300030000	300230000	300530000	300530000	302030000	300055000	300255000	300555000	300555000	302555000	300345000	300545000	300845000	300845000	302845000	302895000	334800000	335000000	335300000	335300000	337300000	334815000	335015000	335315000	335315000	337315000	334815000	335015000	335315000	335315000	337315000	334825000	335025000	335325000	335325000	337325000	335604000	335804000	336104000	336104000	338104000	338254000	400000000	400200000	400500000	400500000	402500000	400015000	400215000	400515000	400515000	402515000	400015000	400215000	400515000	400515000	402515000	400020000	400220000	400220000	400220000	402520000	420000000	420200000	420500000	420500000	422500000	422650000
0	200000	15000	215000	15000	215000	20000	235000	1056000	1256000	1071000	1271000	1071000	1271000	1076000	1291000	100000000	100200000	100015000	100215000	100015000	100215000	100020000	100220000	200000000	200200000	201100000	200015000	200215000	201115000	200015000	200215000	201115000	200020000	200415000	202015000	300000000	300200000	300500000	300500000	302500000	300015000	300215000	300515000	300515000	302515000	300030000	300230000	300530000	300530000	302030000	300055000	300255000	300555000	300555000	302555000	300345000	300545000	300845000	300845000	302845000	302895000	334800000	335000000	335300000	335300000	337300000	334815000	335015000	335315000	335315000	337315000	334815000	335015000	335315000	335315000	337315000	334825000	335025000	335325000	335325000	337325000	335604000	335804000	336104000	336104000	338104000	338254000	400000000	400200000	400500000	400500000	402500000	400015000	400215000	400515000	400515000	402515000	400015000	400215000	400515000	400515000	402515000	400020000	400220000	400220000	400220000	402520000	420000000	420200000	420500000	420500000	422500000	422650000
	]

!nuevos valores co2 (ton co2/ton clinker)
eH:[	
1.309	1.309	0.889	0.889	0.947	0.944	0.892	0.889	1.194	1.189	0.835	0.833	0.884	0.882	0.837	0.835	1.120	1.115	0.799	0.797	0.843	0.840	0.801	0.799	1.075	1.071	1.067	0.777	0.775	0.773	0.818	0.816	0.813	0.779	0.777	0.775	1.018	1.014	1.010	1.000	0.998	0.750	0.749	0.747	0.742	0.740	0.787	0.785	0.783	0.777	0.775	0.752	0.750	0.748	0.743	0.741	0.705	0.704	0.702	0.698	0.696	0.683	0.974	0.970	0.967	0.957	0.955	0.729	0.728	0.726	0.721	0.719	0.763	0.761	0.759	0.754	0.752	0.731	0.729	0.727	0.723	0.721	0.687	0.686	0.684	0.680	0.678	0.676	0.915	0.912	0.910	0.915	0.905	0.701	0.700	0.699	0.701	0.695	0.731	0.729	0.728	0.731	0.724	0.703	0.701	0.700	0.703	0.697	0.657	0.655	0.655	0.657	0.652	0.640
1.018	1.014	1.010	1.000	0.998	0.750	0.749	0.747	0.742	0.740	0.787	0.785	0.783	0.777	0.775	0.752	0.750	0.748	0.743	0.741	0.705	0.704	0.702	0.698	0.696	0.683	0.974	0.970	0.967	0.957	0.955	0.729	0.728	0.726	0.721	0.719	0.763	0.761	0.759	0.754	0.752	0.731	0.729	0.727	0.723	0.721	0.687	0.686	0.684	0.680	0.678	0.676	0.915	0.912	0.910	0.915	0.905	0.701	0.700	0.699	0.701	0.695	0.731	0.729	0.728	0.731	0.724	0.703	0.701	0.700	0.703	0.697	0.657	0.655	0.655	0.657	0.652	0.640	-1	-1	-1	-1	-1	-1	-1	-1	-1	-1	-1	-1	-1	-1	-1	-1	-1	-1	-1	-1	-1	-1	-1	-1	-1	-1	-1	-1	-1	-1	-1	-1	-1	-1	-1	-1
1.018	1.014	1.010	1.000	0.998	0.750	0.749	0.747	0.742	0.740	0.787	0.785	0.783	0.777	0.775	0.752	0.750	0.748	0.743	0.741	0.705	0.704	0.702	0.698	0.696	0.683	0.974	0.970	0.967	0.957	0.955	0.729	0.728	0.726	0.721	0.719	0.763	0.761	0.759	0.754	0.752	0.731	0.729	0.727	0.723	0.721	0.687	0.686	0.684	0.680	0.678	0.676	0.915	0.912	0.910	0.915	0.905	0.701	0.700	0.699	0.701	0.695	0.731	0.729	0.728	0.731	0.724	0.703	0.701	0.700	0.703	0.697	0.657	0.655	0.655	0.657	0.652	0.640	-1	-1	-1	-1	-1	-1	-1	-1	-1	-1	-1	-1	-1	-1	-1	-1	-1	-1	-1	-1	-1	-1	-1	-1	-1	-1	-1	-1	-1	-1	-1	-1	-1	-1	-1	-1
1.309	1.309	0.889	0.889	0.947	0.944	0.892	0.889	1.194	1.189	0.835	0.833	0.884	0.882	0.837	0.835	1.120	1.115	0.799	0.797	0.843	0.840	0.801	0.799	1.075	1.071	1.067	0.777	0.775	0.773	0.818	0.816	0.813	0.779	0.777	0.775	1.018	1.014	1.010	1.000	0.998	0.750	0.749	0.747	0.742	0.740	0.787	0.785	0.783	0.777	0.775	0.752	0.750	0.748	0.743	0.741	0.705	0.704	0.702	0.698	0.696	0.683	0.974	0.970	0.967	0.957	0.955	0.729	0.728	0.726	0.721	0.719	0.763	0.761	0.759	0.754	0.752	0.731	0.729	0.727	0.723	0.721	0.687	0.686	0.684	0.680	0.678	0.676	0.915	0.912	0.910	0.915	0.905	0.701	0.700	0.699	0.701	0.695	0.731	0.729	0.728	0.731	0.724	0.703	0.701	0.700	0.703	0.697	0.657	0.655	0.655	0.657	0.652	0.640
1.309	1.309	0.889	0.889	0.947	0.944	0.892	0.889	1.194	1.189	0.835	0.833	0.884	0.882	0.837	0.835	1.120	1.115	0.799	0.797	0.843	0.840	0.801	0.799	1.075	1.071	1.067	0.777	0.775	0.773	0.818	0.816	0.813	0.779	0.777	0.775	1.018	1.014	1.010	1.000	0.998	0.750	0.749	0.747	0.742	0.740	0.787	0.785	0.783	0.777	0.775	0.752	0.750	0.748	0.743	0.741	0.705	0.704	0.702	0.698	0.696	0.683	0.974	0.970	0.967	0.957	0.955	0.729	0.728	0.726	0.721	0.719	0.763	0.761	0.759	0.754	0.752	0.731	0.729	0.727	0.723	0.721	0.687	0.686	0.684	0.680	0.678	0.676	0.915	0.912	0.910	0.915	0.905	0.701	0.700	0.699	0.701	0.695	0.731	0.729	0.728	0.731	0.724	0.703	0.701	0.700	0.703	0.697	0.657	0.655	0.655	0.657	0.652	0.640
]

!nox y sox
!nuevos valores nox
e2H:[	
0.00138	0.00118	0.001495	0.001278	0.001656	0.001416	0.00184	0.00184	0.001265	0.001082	0.00138	0.00118	0.001518	0.001518	0.001298	0.001748	0.001219	0.001042	0.00138	0.00118	0.001472	0.001259	0.001656	0.001656	0.001127	0.000964	0.000959	0.001196	0.001023	0.001017	0.001311	0.001121	0.001115	0.001495	0.001495	0.001495	0.000989	0.000846	0.000841	0.000841	0.000839	0.001081	0.001081	0.00092	0.000919	0.000917	0.001196	0.001023	0.001017	0.001016	0.001014	0.001311	0.001121	0.001115	0.001114	0.001112	0.001001	0.000855	0.000851	0.00085	0.001001	0.001001	0.000851	0.000728	0.000724	0.000723	0.000722	0.000966	0.000826	0.000822	0.000821	0.000819	0.001081	0.000924	0.00092	0.000919	0.000917	0.001196	0.001023	0.001017	0.001016	0.001014	0.000863	0.000737	0.000734	0.000733	0.000732	0.001196	0.000759	0.000649	0.000646	0.000645	0.000644	0.000851	0.000728	0.000724	0.000723	0.000722	0.000966	0.000826	0.000822	0.000821	0.000819	0.000966	0.000826	0.000822	0.000821	0.000819	0.000771	0.000659	0.000655	0.000655	0.000654	0.000621
0.000989	0.000846	0.000841	0.000841	0.000839	0.001081	0.001081	0.00092	0.000919	0.000917	0.001196	0.001023	0.001017	0.001016	0.001014	0.001311	0.001121	0.001115	0.001114	0.001112	0.001001	0.000855	0.000851	0.00085	0.001001	0.001001	0.000851	0.000728	0.000724	0.000723	0.000722	0.000966	0.000826	0.000822	0.000821	0.000819	0.001081	0.000924	0.00092	0.000919	0.000917	0.001196	0.001023	0.001017	0.001016	0.001014	0.000863	0.000737	0.000734	0.000733	0.000732	0.001196	0.000759	0.000649	0.000646	0.000645	0.000644	0.000851	0.000728	0.000724	0.000723	0.000722	0.000966	0.000826	0.000822	0.000821	0.000819	0.000966	0.000826	0.000822	0.000821	0.000819	0.000771	0.000659	0.000655	0.000655	0.000654	0.000621	-1	-1	-1	-1	-1	-1	-1	-1	-1	-1	-1	-1	-1	-1	-1	-1	-1	-1	-1	-1	-1	-1	-1	-1	-1	-1	-1	-1	-1	-1	-1	-1	-1	-1	-1	-1
0.000989	0.000846	0.000841	0.000841	0.000839	0.001081	0.001081	0.00092	0.000919	0.000917	0.001196	0.001023	0.001017	0.001016	0.001014	0.001311	0.001121	0.001115	0.001114	0.001112	0.001001	0.000855	0.000851	0.00085	0.001001	0.001001	0.000851	0.000728	0.000724	0.000723	0.000722	0.000966	0.000826	0.000822	0.000821	0.000819	0.001081	0.000924	0.00092	0.000919	0.000917	0.001196	0.001023	0.001017	0.001016	0.001014	0.000863	0.000737	0.000734	0.000733	0.000732	0.001196	0.000759	0.000649	0.000646	0.000645	0.000644	0.000851	0.000728	0.000724	0.000723	0.000722	0.000966	0.000826	0.000822	0.000821	0.000819	0.000966	0.000826	0.000822	0.000821	0.000819	0.000771	0.000659	0.000655	0.000655	0.000654	0.000621	-1	-1	-1	-1	-1	-1	-1	-1	-1	-1	-1	-1	-1	-1	-1	-1	-1	-1	-1	-1	-1	-1	-1	-1	-1	-1	-1	-1	-1	-1	-1	-1	-1	-1	-1	-1
0.00138	0.00118	0.001495	0.001278	0.001656	0.001416	0.00184	0.00184	0.001265	0.001082	0.00138	0.00118	0.001518	0.001518	0.001298	0.001748	0.001219	0.001042	0.00138	0.00118	0.001472	0.001259	0.001656	0.001656	0.001127	0.000964	0.000959	0.001196	0.001023	0.001017	0.001311	0.001121	0.001115	0.001495	0.001495	0.001495	0.000989	0.000846	0.000841	0.000841	0.000839	0.001081	0.001081	0.00092	0.000919	0.000917	0.001196	0.001023	0.001017	0.001016	0.001014	0.001311	0.001121	0.001115	0.001114	0.001112	0.001001	0.000855	0.000851	0.00085	0.001001	0.001001	0.000851	0.000728	0.000724	0.000723	0.000722	0.000966	0.000826	0.000822	0.000821	0.000819	0.001081	0.000924	0.00092	0.000919	0.000917	0.001196	0.001023	0.001017	0.001016	0.001014	0.000863	0.000737	0.000734	0.000733	0.000732	0.001196	0.000759	0.000649	0.000646	0.000645	0.000644	0.000851	0.000728	0.000724	0.000723	0.000722	0.000966	0.000826	0.000822	0.000821	0.000819	0.000966	0.000826	0.000822	0.000821	0.000819	0.000771	0.000659	0.000655	0.000655	0.000654	0.000621
0.00138	0.00118	0.001495	0.001278	0.001656	0.001416	0.00184	0.00184	0.001265	0.001082	0.00138	0.00118	0.001518	0.001518	0.001298	0.001748	0.001219	0.001042	0.00138	0.00118	0.001472	0.001259	0.001656	0.001656	0.001127	0.000964	0.000959	0.001196	0.001023	0.001017	0.001311	0.001121	0.001115	0.001495	0.001495	0.001495	0.000989	0.000846	0.000841	0.000841	0.000839	0.001081	0.001081	0.00092	0.000919	0.000917	0.001196	0.001023	0.001017	0.001016	0.001014	0.001311	0.001121	0.001115	0.001114	0.001112	0.001001	0.000855	0.000851	0.00085	0.001001	0.001001	0.000851	0.000728	0.000724	0.000723	0.000722	0.000966	0.000826	0.000822	0.000821	0.000819	0.001081	0.000924	0.00092	0.000919	0.000917	0.001196	0.001023	0.001017	0.001016	0.001014	0.000863	0.000737	0.000734	0.000733	0.000732	0.001196	0.000759	0.000649	0.000646	0.000645	0.000644	0.000851	0.000728	0.000724	0.000723	0.000722	0.000966	0.000826	0.000822	0.000821	0.000819	0.000966	0.000826	0.000822	0.000821	0.000819	0.000771	0.000659	0.000655	0.000655	0.000654	0.000621
]

!nuevos valores sox
e3H:[
0.00092	0.000713	0.000911	0.000706	0.000902	0.000699	0.000893	0.000692	0.000805	0.000624	0.000797	0.000618	0.000789	0.000611	0.000781	0.000805	0.00069	0.000535	0.000683	0.000529	0.000676	0.000524	0.00067	0.00069	0.000575	0.000446	0.000443	0.000569	0.000441	0.000439	0.000564	0.000437	0.000435	0.000558	0.000432	0.000575	0.000414	0.000321	0.000319	0.000319	0.000318	0.000412	0.000319	0.000318	0.000317	0.000317	0.00041	0.000318	0.000316	0.000316	0.000315	0.000408	0.000316	0.000314	0.000314	0.000314	0.000391	0.000295	0.000294	0.000293	0.000293	0.000414	0.000299	0.000232	0.000231	0.00023	0.00023	0.000298	0.000231	0.000229	0.000229	0.000229	0.000296	0.000229	0.000228	0.000228	0.000228	0.000295	0.000228	0.000227	0.000227	0.000226	0.000288	0.000217	0.000216	0.000216	0.000299	0.000205	0.000184	0.000143	0.000142	0.000142	0.000141	0.000183	0.000142	0.000141	0.000141	0.000141	0.000182	0.000141	0.00014	0.00014	0.00014	0.000181	0.00014	0.00014	0.00014	0.000139	0.000161	0.000125	0.000124	0.000124	0.000124	0.000184
0.000414	0.000321	0.000319	0.000319	0.000318	0.000412	0.000319	0.000318	0.000317	0.000317	0.00041	0.000318	0.000316	0.000316	0.000315	0.000408	0.000316	0.000314	0.000314	0.000314	0.000391	0.000295	0.000294	0.000293	0.000293	0.000414	0.000299	0.000232	0.000231	0.00023	0.00023	0.000298	0.000231	0.000229	0.000229	0.000229	0.000296	0.000229	0.000228	0.000228	0.000228	0.000295	0.000228	0.000227	0.000227	0.000226	0.000288	0.000217	0.000216	0.000216	0.000299	0.000205	0.000184	0.000143	0.000142	0.000142	0.000141	0.000183	0.000142	0.000141	0.000141	0.000141	0.000182	0.000141	0.00014	0.00014	0.00014	0.000181	0.00014	0.00014	0.00014	0.000139	0.000161	0.000125	0.000124	0.000124	0.000124	0.000184	-1	-1	-1	-1	-1	-1	-1	-1	-1	-1	-1	-1	-1	-1	-1	-1	-1	-1	-1	-1	-1	-1	-1	-1	-1	-1	-1	-1	-1	-1	-1	-1	-1	-1	-1	-1
0.000414	0.000321	0.000319	0.000319	0.000318	0.000412	0.000319	0.000318	0.000317	0.000317	0.00041	0.000318	0.000316	0.000316	0.000315	0.000408	0.000316	0.000314	0.000314	0.000314	0.000391	0.000295	0.000294	0.000293	0.000293	0.000414	0.000299	0.000232	0.000231	0.00023	0.00023	0.000298	0.000231	0.000229	0.000229	0.000229	0.000296	0.000229	0.000228	0.000228	0.000228	0.000295	0.000228	0.000227	0.000227	0.000226	0.000288	0.000217	0.000216	0.000216	0.000299	0.000205	0.000184	0.000143	0.000142	0.000142	0.000141	0.000183	0.000142	0.000141	0.000141	0.000141	0.000182	0.000141	0.00014	0.00014	0.00014	0.000181	0.00014	0.00014	0.00014	0.000139	0.000161	0.000125	0.000124	0.000124	0.000124	0.000184	-1	-1	-1	-1	-1	-1	-1	-1	-1	-1	-1	-1	-1	-1	-1	-1	-1	-1	-1	-1	-1	-1	-1	-1	-1	-1	-1	-1	-1	-1	-1	-1	-1	-1	-1	-1
0.00092	0.000713	0.000911	0.000706	0.000902	0.000699	0.000893	0.000692	0.000805	0.000624	0.000797	0.000618	0.000789	0.000611	0.000781	0.000805	0.00069	0.000535	0.000683	0.000529	0.000676	0.000524	0.00067	0.00069	0.000575	0.000446	0.000443	0.000569	0.000441	0.000439	0.000564	0.000437	0.000435	0.000558	0.000432	0.000575	0.000414	0.000321	0.000319	0.000319	0.000318	0.000412	0.000319	0.000318	0.000317	0.000317	0.00041	0.000318	0.000316	0.000316	0.000315	0.000408	0.000316	0.000314	0.000314	0.000314	0.000391	0.000295	0.000294	0.000293	0.000293	0.000414	0.000299	0.000232	0.000231	0.00023	0.00023	0.000298	0.000231	0.000229	0.000229	0.000229	0.000296	0.000229	0.000228	0.000228	0.000228	0.000295	0.000228	0.000227	0.000227	0.000226	0.000288	0.000217	0.000216	0.000216	0.000299	0.000205	0.000184	0.000143	0.000142	0.000142	0.000141	0.000183	0.000142	0.000141	0.000141	0.000141	0.000182	0.000141	0.00014	0.00014	0.00014	0.000181	0.00014	0.00014	0.00014	0.000139	0.000161	0.000125	0.000124	0.000124	0.000124	0.000184
0.00092	0.000713	0.000911	0.000706	0.000902	0.000699	0.000893	0.000692	0.000805	0.000624	0.000797	0.000618	0.000789	0.000611	0.000781	0.000805	0.00069	0.000535	0.000683	0.000529	0.000676	0.000524	0.00067	0.00069	0.000575	0.000446	0.000443	0.000569	0.000441	0.000439	0.000564	0.000437	0.000435	0.000558	0.000432	0.000575	0.000414	0.000321	0.000319	0.000319	0.000318	0.000412	0.000319	0.000318	0.000317	0.000317	0.00041	0.000318	0.000316	0.000316	0.000315	0.000408	0.000316	0.000314	0.000314	0.000314	0.000391	0.000295	0.000294	0.000293	0.000293	0.000414	0.000299	0.000232	0.000231	0.00023	0.00023	0.000298	0.000231	0.000229	0.000229	0.000229	0.000296	0.000229	0.000228	0.000228	0.000228	0.000295	0.000228	0.000227	0.000227	0.000226	0.000288	0.000217	0.000216	0.000216	0.000299	0.000205	0.000184	0.000143	0.000142	0.000142	0.000141	0.000183	0.000142	0.000141	0.000141	0.000141	0.000182	0.000141	0.00014	0.00014	0.00014	0.000181	0.00014	0.00014	0.00014	0.000139	0.000161	0.000125	0.000124	0.000124	0.000124	0.000184
]	

QH:[
660000	660000	660000	660000	660000	660000	660000	660000	660000	660000	660000	660000	660000	660000	660000	660000	750000	750000	750000	750000	750000	750000	750000	750000	1000000	1000000	1000000	1000000	1000000	1000000	1000000	1000000	1000000	1000000	1000000	1000000	1200000	1200000	1200000	1200000	1200000	1200000	1200000	1200000	1200000	1200000	1200000	1200000	1200000	1200000	1200000	1200000	1200000	1200000	1200000	1200000	1200000	1200000	1200000	1200000	1200000	1200000	2475000	2475000	2475000	2475000	2475000	2475000	2475000	2475000	2475000	2475000	2475000	2475000	2475000	2475000	2475000	2475000	2475000	2475000	2475000	2475000	2475000	2475000	2475000	2475000	2475000	2475000	3300000	3300000	3300000	3300000	3300000	3300000	3300000	3300000	3300000	3300000	3300000	3300000	3300000	3300000	3300000	3300000	3300000	3300000	3300000	3300000	3300000	3300000	3300000	3300000	3300000	3300000
1200000	1200000	1200000	1200000	1200000	1200000	1200000	1200000	1200000	1200000	1200000	1200000	1200000	1200000	1200000	1200000	1200000	1200000	1200000	1200000	1200000	1200000	1200000	1200000	1200000	1200000	2475000	2475000	2475000	2475000	2475000	2475000	2475000	2475000	2475000	2475000	2475000	2475000	2475000	2475000	2475000	2475000	2475000	2475000	2475000	2475000	2475000	2475000	2475000	2475000	2475000	2475000	3300000	3300000	3300000	3300000	3300000	3300000	3300000	3300000	3300000	3300000	3300000	3300000	3300000	3300000	3300000	3300000	3300000	3300000	3300000	3300000	3300000	3300000	3300000	3300000	3300000	3300000	-1	-1	-1	-1	-1	-1	-1	-1	-1	-1	-1	-1	-1	-1	-1	-1	-1	-1	-1	-1	-1	-1	-1	-1	-1	-1	-1	-1	-1	-1	-1	-1	-1	-1	-1	-1
1200000	1200000	1200000	1200000	1200000	1200000	1200000	1200000	1200000	1200000	1200000	1200000	1200000	1200000	1200000	1200000	1200000	1200000	1200000	1200000	1200000	1200000	1200000	1200000	1200000	1200000	2475000	2475000	2475000	2475000	2475000	2475000	2475000	2475000	2475000	2475000	2475000	2475000	2475000	2475000	2475000	2475000	2475000	2475000	2475000	2475000	2475000	2475000	2475000	2475000	2475000	2475000	3300000	3300000	3300000	3300000	3300000	3300000	3300000	3300000	3300000	3300000	3300000	3300000	3300000	3300000	3300000	3300000	3300000	3300000	3300000	3300000	3300000	3300000	3300000	3300000	3300000	3300000	-1	-1	-1	-1	-1	-1	-1	-1	-1	-1	-1	-1	-1	-1	-1	-1	-1	-1	-1	-1	-1	-1	-1	-1	-1	-1	-1	-1	-1	-1	-1	-1	-1	-1	-1	-1
660000	660000	660000	660000	660000	660000	660000	660000	660000	660000	660000	660000	660000	660000	660000	660000	750000	750000	750000	750000	750000	750000	750000	750000	1000000	1000000	1000000	1000000	1000000	1000000	1000000	1000000	1000000	1000000	1000000	1000000	1200000	1200000	1200000	1200000	1200000	1200000	1200000	1200000	1200000	1200000	1200000	1200000	1200000	1200000	1200000	1200000	1200000	1200000	1200000	1200000	1200000	1200000	1200000	1200000	1200000	1200000	2475000	2475000	2475000	2475000	2475000	2475000	2475000	2475000	2475000	2475000	2475000	2475000	2475000	2475000	2475000	2475000	2475000	2475000	2475000	2475000	2475000	2475000	2475000	2475000	2475000	2475000	3300000	3300000	3300000	3300000	3300000	3300000	3300000	3300000	3300000	3300000	3300000	3300000	3300000	3300000	3300000	3300000	3300000	3300000	3300000	3300000	3300000	3300000	3300000	3300000	3300000	3300000
660000	660000	660000	660000	660000	660000	660000	660000	660000	660000	660000	660000	660000	660000	660000	660000	750000	750000	750000	750000	750000	750000	750000	750000	1000000	1000000	1000000	1000000	1000000	1000000	1000000	1000000	1000000	1000000	1000000	1000000	1200000	1200000	1200000	1200000	1200000	1200000	1200000	1200000	1200000	1200000	1200000	1200000	1200000	1200000	1200000	1200000	1200000	1200000	1200000	1200000	1200000	1200000	1200000	1200000	1200000	1200000	2475000	2475000	2475000	2475000	2475000	2475000	2475000	2475000	2475000	2475000	2475000	2475000	2475000	2475000	2475000	2475000	2475000	2475000	2475000	2475000	2475000	2475000	2475000	2475000	2475000	2475000	3300000	3300000	3300000	3300000	3300000	3300000	3300000	3300000	3300000	3300000	3300000	3300000	3300000	3300000	3300000	3300000	3300000	3300000	3300000	3300000	3300000	3300000	3300000	3300000	3300000	3300000
]	

qH:[
300000	300000	300000	300000	300000	300000	300000	300000	300000	300000	300000	300000	300000	300000	300000	300000	660000	660000	660000	660000	660000	660000	660000	660000	750000	750000	750000	750000	750000	750000	750000	750000	750000	750000	750000	750000	1000000	1000000	1000000	1000000	1000000	1000000	1000000	1000000	1000000	1000000	1000000	1000000	1000000	1000000	1000000	1000000	1000000	1000000	1000000	1000000	1000000	1000000	1000000	1000000	1000000	1000000	1200000	1200000	1200000	1200000	1200000	1200000	1200000	1200000	1200000	1200000	1200000	1200000	1200000	1200000	1200000	1200000	1200000	1200000	1200000	1200000	1200000	1200000	1200000	1200000	1200000	1200000	2475000	2475000	2475000	2475000	2475000	2475000	2475000	2475000	2475000	2475000	2475000	2475000	2475000	2475000	2475000	2475000	2475000	2475000	2475000	2475000	2475000	2475000	2475000	2475000	2475000	2475000
1000000	1000000	1000000	1000000	1000000	1000000	1000000	1000000	1000000	1000000	1000000	1000000	1000000	1000000	1000000	1000000	1000000	1000000	1000000	1000000	1000000	1000000	1000000	1000000	1000000	1000000	1200000	1200000	1200000	1200000	1200000	1200000	1200000	1200000	1200000	1200000	1200000	1200000	1200000	1200000	1200000	1200000	1200000	1200000	1200000	1200000	1200000	1200000	1200000	1200000	1200000	1200000	2475000	2475000	2475000	2475000	2475000	2475000	2475000	2475000	2475000	2475000	2475000	2475000	2475000	2475000	2475000	2475000	2475000	2475000	2475000	2475000	2475000	2475000	2475000	2475000	2475000	2475000	-1	-1	-1	-1	-1	-1	-1	-1	-1	-1	-1	-1	-1	-1	-1	-1	-1	-1	-1	-1	-1	-1	-1	-1	-1	-1	-1	-1	-1	-1	-1	-1	-1	-1	-1	-1
1000000	1000000	1000000	1000000	1000000	1000000	1000000	1000000	1000000	1000000	1000000	1000000	1000000	1000000	1000000	1000000	1000000	1000000	1000000	1000000	1000000	1000000	1000000	1000000	1000000	1000000	1200000	1200000	1200000	1200000	1200000	1200000	1200000	1200000	1200000	1200000	1200000	1200000	1200000	1200000	1200000	1200000	1200000	1200000	1200000	1200000	1200000	1200000	1200000	1200000	1200000	1200000	2475000	2475000	2475000	2475000	2475000	2475000	2475000	2475000	2475000	2475000	2475000	2475000	2475000	2475000	2475000	2475000	2475000	2475000	2475000	2475000	2475000	2475000	2475000	2475000	2475000	2475000	-1	-1	-1	-1	-1	-1	-1	-1	-1	-1	-1	-1	-1	-1	-1	-1	-1	-1	-1	-1	-1	-1	-1	-1	-1	-1	-1	-1	-1	-1	-1	-1	-1	-1	-1	-1
300000	300000	300000	300000	300000	300000	300000	300000	300000	300000	300000	300000	300000	300000	300000	300000	660000	660000	660000	660000	660000	660000	660000	660000	750000	750000	750000	750000	750000	750000	750000	750000	750000	750000	750000	750000	1000000	1000000	1000000	1000000	1000000	1000000	1000000	1000000	1000000	1000000	1000000	1000000	1000000	1000000	1000000	1000000	1000000	1000000	1000000	1000000	1000000	1000000	1000000	1000000	1000000	1000000	1200000	1200000	1200000	1200000	1200000	1200000	1200000	1200000	1200000	1200000	1200000	1200000	1200000	1200000	1200000	1200000	1200000	1200000	1200000	1200000	1200000	1200000	1200000	1200000	1200000	1200000	2475000	2475000	2475000	2475000	2475000	2475000	2475000	2475000	2475000	2475000	2475000	2475000	2475000	2475000	2475000	2475000	2475000	2475000	2475000	2475000	2475000	2475000	2475000	2475000	2475000	2475000
300000	300000	300000	300000	300000	300000	300000	300000	300000	300000	300000	300000	300000	300000	300000	300000	660000	660000	660000	660000	660000	660000	660000	660000	750000	750000	750000	750000	750000	750000	750000	750000	750000	750000	750000	750000	1000000	1000000	1000000	1000000	1000000	1000000	1000000	1000000	1000000	1000000	1000000	1000000	1000000	1000000	1000000	1000000	1000000	1000000	1000000	1000000	1000000	1000000	1000000	1000000	1000000	1000000	1200000	1200000	1200000	1200000	1200000	1200000	1200000	1200000	1200000	1200000	1200000	1200000	1200000	1200000	1200000	1200000	1200000	1200000	1200000	1200000	1200000	1200000	1200000	1200000	1200000	1200000	2475000	2475000	2475000	2475000	2475000	2475000	2475000	2475000	2475000	2475000	2475000	2475000	2475000	2475000	2475000	2475000	2475000	2475000	2475000	2475000	2475000	2475000	2475000	2475000	2475000	2475000
]

fijosH:[	
400000	400000	400000	400000	400000	400000	400000	400000	400000	400000	400000	400000	400000	400000	400000	400000	450000	450000	450000	450000	450000	450000	450000	450000	600000	600000	600000	600000	600000	600000	600000	600000	600000	600000	600000	600000	720000	720000	720000	720000	720000	720000	720000	720000	720000	720000	720000	720000	720000	720000	720000	720000	720000	720000	720000	720000	720000	720000	720000	720000	720000	720000	1485000	1485000	1485000	1485000	1486485	1485000	1485000	1485000	1485000	1486485	1485000	1485000	1485000	1485000	1486485	1485000	1485000	1485000	1485000	1486485	1485000	1485000	1485000	1485000	1486485	1487970	1980000	1980000	1980000	1980000	1981980	1980000	1980000	1980000	1980000	1981980	1980000	1980000	1980000	1980000	1981980	1980000	1980000	1980000	1980000	1981980	1980000	1980000	1980000	1980000	1981980	1983960
720000	720000	720000	720000	720000	720000	720000	720000	720000	720000	720000	720000	720000	720000	720000	720000	720000	720000	720000	720000	720000	720000	720000	720000	720000	720000	1485000	1485000	1485000	1485000	1486485	1485000	1485000	1485000	1485000	1486485	1485000	1485000	1485000	1485000	1486485	1485000	1485000	1485000	1485000	1486485	1485000	1485000	1485000	1485000	1486485	1487970	1980000	1980000	1980000	1980000	1981980	1980000	1980000	1980000	1980000	1981980	1980000	1980000	1980000	1980000	1981980	1980000	1980000	1980000	1980000	1981980	1980000	1980000	1980000	1980000	1981980	1983960	-1	-1	-1	-1	-1	-1	-1	-1	-1	-1	-1	-1	-1	-1	-1	-1	-1	-1	-1	-1	-1	-1	-1	-1	-1	-1	-1	-1	-1	-1	-1	-1	-1	-1	-1	-1
720000	720000	720000	720000	720000	720000	720000	720000	720000	720000	720000	720000	720000	720000	720000	720000	720000	720000	720000	720000	720000	720000	720000	720000	720000	720000	1485000	1485000	1485000	1485000	1486485	1485000	1485000	1485000	1485000	1486485	1485000	1485000	1485000	1485000	1486485	1485000	1485000	1485000	1485000	1486485	1485000	1485000	1485000	1485000	1486485	1487970	1980000	1980000	1980000	1980000	1981980	1980000	1980000	1980000	1980000	1981980	1980000	1980000	1980000	1980000	1981980	1980000	1980000	1980000	1980000	1981980	1980000	1980000	1980000	1980000	1981980	1983960	-1	-1	-1	-1	-1	-1	-1	-1	-1	-1	-1	-1	-1	-1	-1	-1	-1	-1	-1	-1	-1	-1	-1	-1	-1	-1	-1	-1	-1	-1	-1	-1	-1	-1	-1	-1
400000	400000	400000	400000	400000	400000	400000	400000	400000	400000	400000	400000	400000	400000	400000	400000	450000	450000	450000	450000	450000	450000	450000	450000	600000	600000	600000	600000	600000	600000	600000	600000	600000	600000	600000	600000	720000	720000	720000	720000	720000	720000	720000	720000	720000	720000	720000	720000	720000	720000	720000	720000	720000	720000	720000	720000	720000	720000	720000	720000	720000	720000	1485000	1485000	1485000	1485000	1486485	1485000	1485000	1485000	1485000	1486485	1485000	1485000	1485000	1485000	1486485	1485000	1485000	1485000	1485000	1486485	1485000	1485000	1485000	1485000	1486485	1487970	1980000	1980000	1980000	1980000	1981980	1980000	1980000	1980000	1980000	1981980	1980000	1980000	1980000	1980000	1981980	1980000	1980000	1980000	1980000	1981980	1980000	1980000	1980000	1980000	1981980	1983960
400000	400000	400000	400000	400000	400000	400000	400000	400000	400000	400000	400000	400000	400000	400000	400000	450000	450000	450000	450000	450000	450000	450000	450000	600000	600000	600000	600000	600000	600000	600000	600000	600000	600000	600000	600000	720000	720000	720000	720000	720000	720000	720000	720000	720000	720000	720000	720000	720000	720000	720000	720000	720000	720000	720000	720000	720000	720000	720000	720000	720000	720000	1485000	1485000	1485000	1485000	1486485	1485000	1485000	1485000	1485000	1486485	1485000	1485000	1485000	1485000	1486485	1485000	1485000	1485000	1485000	1486485	1485000	1485000	1485000	1485000	1486485	1487970	1980000	1980000	1980000	1980000	1981980	1980000	1980000	1980000	1980000	1981980	1980000	1980000	1980000	1980000	1981980	1980000	1980000	1980000	1980000	1981980	1980000	1980000	1980000	1980000	1981980	1983960
]

cierreH:[	
1188000
2160000
2160000
1188000
1188000
]

pH:[67.25	67.24	103.00	102.96	61.75	61.65	70.00	69.85	65.05	64.93	95.60	95.27	60.35	60.27	67.40	67.27	62.70	62.60	90.00	89.71	58.50	58.43	64.80	64.68	56.29	56.19	56.08	81.64	81.37	81.05	52.39	52.32	52.24	58.24	58.13	58.00	50.37	50.28	50.19	51.69	49.01	73.12	72.88	72.60	73.65	70.96	46.87	46.81	46.74	48.31	45.63	52.12	52.02	51.91	53.38	50.69	55.62	55.50	55.36	56.76	54.07	53.87	49.20	49.12	49.03	50.56	47.91	70.00	69.78	69.52	70.63	67.98	46.00	45.94	45.88	47.47	44.82	50.80	50.71	50.61	52.10	49.45	54.00	53.89	53.76	55.19	52.54	52.40	47.68	47.61	47.53	49.09	46.47	65.88	65.68	65.46	66.65	64.04	44.88	44.83	44.78	46.39	43.77	49.08	49.00	48.91	50.44	47.82	51.88	51.78	51.67	53.14	50.53	50.48
50.37	50.28	50.19	51.69	49.01	73.12	72.88	72.60	73.65	70.96	46.87	46.81	46.74	48.31	45.63	52.12	52.02	51.91	53.38	50.69	55.62	55.50	55.36	56.76	54.07	53.87	49.20	49.12	49.03	50.56	47.91	70.00	69.78	69.52	70.63	67.98	46.00	45.94	45.88	47.47	44.82	50.80	50.71	50.61	52.10	49.45	54.00	53.89	53.76	55.19	52.54	52.40	47.68	47.61	47.53	49.09	46.47	65.88	65.68	65.46	66.65	64.04	44.88	44.83	44.78	46.39	43.77	49.08	49.00	48.91	50.44	47.82	51.88	51.78	51.67	53.14	50.53	50.48	-1	-1	-1	-1	-1	-1	-1	-1	-1	-1	-1	-1	-1	-1	-1	-1	-1	-1	-1	-1	-1	-1	-1	-1	-1	-1	-1	-1	-1	-1	-1	-1	-1	-1	-1	-1
50.37	50.28	50.19	51.69	49.01	73.12	72.88	72.60	73.65	70.96	46.87	46.81	46.74	48.31	45.63	52.12	52.02	51.91	53.38	50.69	55.62	55.50	55.36	56.76	54.07	53.87	49.20	49.12	49.03	50.56	47.91	70.00	69.78	69.52	70.63	67.98	46.00	45.94	45.88	47.47	44.82	50.80	50.71	50.61	52.10	49.45	54.00	53.89	53.76	55.19	52.54	52.40	47.68	47.61	47.53	49.09	46.47	65.88	65.68	65.46	66.65	64.04	44.88	44.83	44.78	46.39	43.77	49.08	49.00	48.91	50.44	47.82	51.88	51.78	51.67	53.14	50.53	50.48	-1	-1	-1	-1	-1	-1	-1	-1	-1	-1	-1	-1	-1	-1	-1	-1	-1	-1	-1	-1	-1	-1	-1	-1	-1	-1	-1	-1	-1	-1	-1	-1	-1	-1	-1	-1
67.25	67.24	103.00	102.96	61.75	61.65	70.00	69.85	65.05	64.93	95.60	95.27	60.35	60.27	67.40	67.27	62.70	62.60	90.00	89.71	58.50	58.43	64.80	64.68	56.29	56.19	56.08	81.64	81.37	81.05	52.39	52.32	52.24	58.24	58.13	58.00	50.37	50.28	50.19	51.69	49.01	73.12	72.88	72.60	73.65	70.96	46.87	46.81	46.74	48.31	45.63	52.12	52.02	51.91	53.38	50.69	55.62	55.50	55.36	56.76	54.07	53.87	49.20	49.12	49.03	50.56	47.91	70.00	69.78	69.52	70.63	67.98	46.00	45.94	45.88	47.47	44.82	50.80	50.71	50.61	52.10	49.45	54.00	53.89	53.76	55.19	52.54	52.40	47.68	47.61	47.53	49.09	46.47	65.88	65.68	65.46	66.65	64.04	44.88	44.83	44.78	46.39	43.77	49.08	49.00	48.91	50.44	47.82	51.88	51.78	51.67	53.14	50.53	50.48
67.25	67.24	103.00	102.96	61.75	61.65	70.00	69.85	65.05	64.93	95.60	95.27	60.35	60.27	67.40	67.27	62.70	62.60	90.00	89.71	58.50	58.43	64.80	64.68	56.29	56.19	56.08	81.64	81.37	81.05	52.39	52.32	52.24	58.24	58.13	58.00	50.37	50.28	50.19	51.69	49.01	73.12	72.88	72.60	73.65	70.96	46.87	46.81	46.74	48.31	45.63	52.12	52.02	51.91	53.38	50.69	55.62	55.50	55.36	56.76	54.07	53.87	49.20	49.12	49.03	50.56	47.91	70.00	69.78	69.52	70.63	67.98	46.00	45.94	45.88	47.47	44.82	50.80	50.71	50.61	52.10	49.45	54.00	53.89	53.76	55.19	52.54	52.40	47.68	47.61	47.53	49.09	46.47	65.88	65.68	65.46	66.65	64.04	44.88	44.83	44.78	46.39	43.77	49.08	49.00	48.91	50.44	47.82	51.88	51.78	51.67	53.14	50.53	50.48
]
	

Pm: [ 15 13 13 15 15 
]

!costos no anualizados
rM:[
0	116671	350012	641689	933365	777804	1166707	1944511	2916767	3889022	777804	1166707	1944511	2916767	3889022
0	291677	583353	777804	1166707	1944511	2916767	3889022	777804	1166707	1944511	2916767	3889022	-1	-1
0	291677	583353	777804	1166707	1944511	2916767	3889022	777804	1166707	1944511	2916767	3889022	-1	-1
0	116671	350012	641689	933365	777804	1166707	1944511	2916767	3889022	777804	1166707	1944511	2916767	3889022
0	116671	350012	641689	933365	777804	1166707	1944511	2916767	3889022	777804	1166707	1944511	2916767	3889022
]

eM:[	
0.0149	0.0147	0.0144	0.0141	0.0139	0.0106	0.0103	0.0101	0.0098	0.0095	0.0076	0.0073	0.0071	0.0068	0.0065
0.0144	0.0141	0.0139	0.0106	0.0103	0.0101	0.0098	0.0095	0.0076	0.0073	0.0071	0.0068	0.0065	-1	-1
0.0144	0.0141	0.0139	0.0106	0.0103	0.0101	0.0098	0.0095	0.0076	0.0073	0.0071	0.0068	0.0065	-1	-1
0.0149	0.0147	0.0144	0.0141	0.0139	0.0106	0.0103	0.0101	0.0098	0.0095	0.0076	0.0073	0.0071	0.0068	0.0065
0.0149	0.0147	0.0144	0.0141	0.0139	0.0106	0.0103	0.0101	0.0098	0.0095	0.0076	0.0073	0.0071	0.0068	0.0065
]


QM:[	
858000	1287000	2145000	3217500	4290000	858000	1287000	2145000	3217500	4290000	858000	1287000	2145000	3217500	4290000
2145000	3217500	4290000	858000	1287000	2145000	3217500	4290000	858000	1287000	2145000	3217500	4290000	-1	-1
2145000	3217500	4290000	858000	1287000	2145000	3217500	4290000	858000	1287000	2145000	3217500	4290000	-1	-1
858000	1287000	2145000	3217500	4290000	858000	1287000	2145000	3217500	4290000	858000	1287000	2145000	3217500	4290000
858000	1287000	2145000	3217500	4290000	858000	1287000	2145000	3217500	4290000	858000	1287000	2145000	3217500	4290000
]

qM:[
200000	858000	1287000	2145000	3217500	200000	858000	1287000	2145000	3217500	400000	858000	1287000	2145000	3217500
1287000	2145000	3217500	400000	858000	1287000	2145000	3217500	400000	858000	1287000	2145000	3217500	-1	-1
1287000	2145000	3217500	400000	858000	1287000	2145000	3217500	400000	858000	1287000	2145000	3217500	-1	-1
200000	858000	1287000	2145000	3217500	400000	858000	1287000	2145000	3217500	400000	858000	1287000	2145000	3217500
200000	858000	1287000	2145000	3217500	400000	858000	1287000	2145000	3217500	400000	858000	1287000	2145000	3217500
]

pM:[
8.6		8.48	8.36	8.24	8.12	6.68	6.56	6.44	6.32	6.2		5.36	5.24	5.12	5	4.88
8.36	8.24	8.12	6.68	6.56	6.44	6.32	6.2		5.36	5.24	5.12	5		4.88	-1	-1
8.36	8.24	8.12	6.68	6.56	6.44	6.32	6.2		5.36	5.24	5.12	5		4.88	-1	-1
8.6		8.48	8.36	8.24	8.12	6.68	6.56	6.44	6.32	6.2		5.36	5.24	5.12	5	4.88
8.6		8.48	8.36	8.24	8.12	6.68	6.56	6.44	6.32	6.2		5.36	5.24	5.12	5	4.88
]


fijosM:[	
66000	99000	165000	247500	330000	61000	94000	160000	242500	325000	56000	89000	155000	237500	320000
165000	247500	330000	61000	94000	160000	242500	325000	56000	89000	155000	237500	320000	-1	-1
165000	247500	330000	61000	94000	160000	242500	325000	56000	89000	155000	237500	320000	-1	-1
66000	99000	165000	247500	330000	61000	94000	160000	242500	325000	56000	89000	155000	237500	320000
66000	99000	165000	247500	330000	61000	94000	160000	242500	325000	56000	89000	155000	237500	320000
]


cierreM:[
330000
825000
825000
330000
330000
]

! molienda de mp

Pr: [15 13 13 15 15  ]

!costos no anualizados (más bajos)

rR:[0	6410	19231	35258	51284	21368	32052	53421	80131	106841	38463	57694	96157	144236	192314
0	16026	32052	21368	32052	53421	80131	106841	38463	57694	96157	144236	192314	-1	-1
0	16026	32052	21368	32052	53421	80131	106841	38463	57694	96157	144236	192314	-1	-1
0	6410	19231	35258	51284	21368	32052	53421	80131	106841	38463	57694	96157	144236	192314
0	6410	19231	35258	51284	21368	32052	53421	80131	106841	38463	57694	96157	144236	192314
]


eR:[0.0060	0.0049	0.0049	0.0049	0.0049	0.0043	0.0043	0.0043	0.0043	0.0043	0.0033	0.0033	0.0033	0.0033	0.0033
0.0049	0.0049	0.0049	0.0043	0.0043	0.0043	0.0043	0.0043	0.0033	0.0033	0.0033	0.0033	0.0033	-1	-1
0.0049	0.0049	0.0049	0.0043	0.0043	0.0043	0.0043	0.0043	0.0033	0.0033	0.0033	0.0033	0.0033	-1	-1
0.0060	0.0049	0.0049	0.0049	0.0049	0.0043	0.0043	0.0043	0.0043	0.0043	0.0033	0.0033	0.0033	0.0033	0.0033
0.0060	0.0049	0.0049	0.0049	0.0049	0.0043	0.0043	0.0043	0.0043	0.0043	0.0033	0.0033	0.0033	0.0033	0.0033
]

QR:[1320000	1485000	2475000	3712500	4950000	990000	1485000	2475000	3712500	4950000	990000	1485000	2475000	3712500	4950000
2475000	3712500	4950000	990000	1485000	2475000	3712500	4950000	990000	1485000	2475000	3712500	4950000	-1	-1
2475000	3712500	4950000	990000	1485000	2475000	3712500	4950000	990000	1485000	2475000	3712500	4950000	-1	-1
1320000	1485000	2475000	3712500	4950000	990000	1485000	2475000	3712500	4950000	990000	1485000	2475000	3712500	4950000
1320000	1485000	2475000	3712500	4950000	990000	1485000	2475000	3712500	4950000	990000	1485000	2475000	3712500	4950000
]

qR:[693000	1039500	1732500	2598750	3465000	693000	1039500	1732500	2598750	3465000	693000	1039500	1732500	2598750	3465000
1732500	2598750	3465000	693000	1039500	1732500	2598750	3465000	693000	1039500	1732500	2598750	3465000	-1	-1
1732500	2598750	3465000	693000	1039500	1732500	2598750	3465000	693000	1039500	1732500	2598750	3465000	-0.7	-0.7
693000	1039500	1732500	2598750	3465000	693000	1039500	1732500	2598750	3465000	693000	1039500	1732500	2598750	3465000
693000	1039500	1732500	2598750	3465000	693000	1039500	1732500	2598750	3465000	693000	1039500	1732500	2598750	3465000
]

pR:[
3.64	3.16	3.16	3.16	3.16	2.92	2.92	2.92	2.92	2.92	2.44	2.44	2.44	2.44	2.44
3.16	3.16	3.16	2.92	2.92	2.92	2.92	2.92	2.44	2.44	2.44	2.44	2.44	-1		-1
3.16	3.16	3.16	2.92	2.92	2.92	2.92	2.92	2.44	2.44	2.44	2.44	2.44	-1		-1
3.64	3.16	3.16	3.16	3.16	2.92	2.92	2.92	2.92	2.92	2.44	2.44	2.44	2.44	2.44
3.64	3.16	3.16	3.16	3.16	2.92	2.92	2.92	2.92	2.92	2.44	2.44	2.44	2.44	2.44
]	

fijosR:[66000	99000	165000	247500	330000	61000	94000	160000	242500	325000	56000	89000	155000	237500	320000
165000	247500	330000	61000	94000	160000	242500	325000	56000	89000	155000	237500	320000	-1	-1
165000	247500	330000	61000	94000	160000	242500	325000	56000	89000	155000	237500	320000	-1	-1
66000	99000	165000	247500	330000	61000	94000	160000	242500	325000	56000	89000	155000	237500	320000
66000	99000	165000	247500	330000	61000	94000	160000	242500	325000	56000	89000	155000	237500	320000
]

cierreR:[330000
825000
825000
330000
330000
]

fuel_c:[
4.4	4.4	10000.0	10000.0	3.2	3.2	9.9	9.9	3.8	3.8	10000.0	10000.0	2.7	2.7	8.5	8.5	3.4	3.4	10000.0	10000.0	2.4	2.4	7.6	7.6	3.1	3.1	3.1	9.8	9.7	9.6	2.3	2.2	2.2	7.0	7.0	6.9	2.8	2.8	2.8	2.7	2.7	10000.00	10000.00	10000.00	10000.00	10000.00	2.0	2.0	2.0	1.9	1.9	6.3	6.3	6.2	6.1	6.0	10000.0	10000.0	10000.0	10000.0	10000.0	10000.0	2.6	2.6	2.5	2.5	2.5	10000.00	10000.00	10000.00	10000.00	10000.00	1.8	1.8	1.8	1.8	1.8	5.8	5.8	5.7	5.6	5.5	10000.00	10000.00	10000.00	10000.00	10000.00	10000.00	2.2	2.2	2.2	2.2	2.2	10000.00	10000.00	10000.00	10000.00	10000.00	1.6	1.6	1.6	1.6	1.6	5.0	5.0	5.0	4.9	4.8	10000.0	10000.0	10000.0	10000.0	10000.0	10000.0
3.1	3.1	3.0	3.0	3.0	10000.0	10000.0	10000.0	10000.0	10000.0	10000.0	2.2	2.1	2.1	2.1	6.9	6.9	6.8	6.7	6.7	10000.0	10000.0	10000.0	10000.0	10000.0	10000.0	2.8	2.8	2.8	2.7	2.7	8.0	8.0	7.9	7.7	7.7	2.0	2.0	2.0	1.9	1.9	6.3	6.3	6.2	6.1	6.1	10000.0	10000.0	10000.0	10000.0	10000.0	10000.0	2.5	2.5	2.4	2.4	2.4	7.0	7.0	6.9	6.8	6.7	1.7	1.7	1.7	1.7	1.7	5.5	5.5	5.5	5.3	5.3	10000.00	10000.00	10000.00	10000.00	10000.00	10000.00	-1.0	-1.0	-1.0	-1.0	-1.0	-1.0	-1.0	-1.0	-1.0	-1.0	-1.0	-1.0	-1.0	-1.0	-1.0	-1.0	-1.0	-1.0	-1.0	-1.0	-1.0	-1.0	-1.0	-1.0	-1.0	-1.0	-1.0	-1.0	-1.0	-1.0	-1.0	-1.0	-1.0	-1.0	-1.0	-1.0
0.4	0.4	0.4	0.4	0.4	0.0	0.0	0.0	0.0	0.0	0.3	0.3	0.3	0.3	0.3	2.5	2.5	2.5	2.4	2.4	0.7	0.7	0.7	0.7	0.7	0.6	0.4	0.4	0.4	0.4	0.4	0.0	0.0	0.0	0.0	0.0	0.3	0.3	0.3	0.3	0.3	2.3	2.3	2.3	2.2	2.2	0.6	0.6	0.6	0.6	0.6	0.6	0.3	0.3	0.3	0.3	0.3	0.0	0.0	0.0	0.0	0.0	0.3	0.3	0.3	0.2	0.2	2.0	2.0	2.0	1.9	1.9	0.6	0.6	0.6	0.5	0.5	0.5	-1.0	-1.0	-1.0	-1.0	-1.0	-1.0	-1.0	-1.0	-1.0	-1.0	-1.0	-1.0	-1.0	-1.0	-1.0	-1.0	-1.0	-1.0	-1.0	-1.0	-1.0	-1.0	-1.0	-1.0	-1.0	-1.0	-1.0	-1.0	-1.0	-1.0	-1.0	-1.0	-1.0	-1.0	-1.0	-1.0
4.0	4.0	10000.0	10000.0	2.9	2.9	6.6	6.6	3.4	3.4	10000.0	10000.0	2.5	2.5	5.6	5.6	3.0	3.0	10.5	10.5	2.2	2.2	5.0	5.0	2.8	2.8	2.8	9.8	9.7	9.6	2.1	2.1	2.0	4.7	4.7	4.6	2.5	2.5	2.5	2.4	2.4	8.8	8.7	8.6	8.4	8.4	1.9	1.9	1.8	1.8	1.8	4.2	4.2	4.1	4.1	4.0	10000.0	10000.0	10000.0	10000.0	10000.0	10000.0	2.3	2.3	2.3	2.2	2.2	10000.00	10000.00	10000.00	10000.00	10000.00	1.7	1.7	1.7	1.6	1.6	3.8	3.8	3.8	3.7	3.7	10000.00	10000.00	10000.00	10000.00	10000.00	10000.00	2.0	2.0	2.0	1.9	1.9	10000.00	10000.00	10000.00	10000.00	10000.00	1.5	1.5	1.5	1.4	1.4	3.4	3.4	3.3	3.2	3.2	10000.0	10000.0	10000.0	10000.0	10000.0	10000.0
1.1	1.1	0.0	0.0	0.9	0.9	3.0	3.0	0.9	0.9	0.0	0.0	0.8	0.8	2.5	2.5	0.8	0.8	0.0	0.0	0.7	0.7	2.3	2.3	0.8	0.8	0.8	0.0	0.0	0.0	0.6	0.6	0.6	2.1	2.1	2.1	0.7	0.7	0.7	0.7	0.7	0.0	0.0	0.0	0.0	0.0	0.6	0.6	0.6	0.5	0.5	1.9	1.9	1.9	1.8	1.8	0.7	0.7	0.7	0.7	0.7	0.6	0.6	0.6	0.6	0.6	0.6	0.0	0.0	0.0	0.0	0.0	0.5	0.5	0.5	0.5	0.5	1.7	1.7	1.7	1.7	1.7	0.6	0.6	0.6	0.6	0.6	0.6	0.6	0.6	0.6	0.5	0.5	0.0	0.0	0.0	0.0	0.0	0.5	0.5	0.4	0.4	0.4	1.5	1.5	1.5	1.5	1.5	0.6	0.6	0.6	0.5	0.5	0.5
]

fuel_e:[
0.00535	0.00535	10000.00000	10000.00000	0.00386	0.00386	0.01205	0.01204	0.00457	0.00457	10000.00000	10000.00000	0.00330	0.00330	0.01029	0.01029	0.00409	0.00409	10000.00000	10000.00000	0.00295	0.00295	0.00920	0.00919	0.00380	0.00379	0.00374	10000.00000	10000.00000	10000.00000	0.00274	0.00274	0.00270	0.00854	0.00854	0.00841	0.00341	0.00340	0.00336	0.00329	0.00327	10000.00000	10000.00000	10000.00000	10000.00000	10000.00000	0.00246	0.00246	0.00242	0.00237	0.00236	0.00767	0.00766	0.00755	0.00740	0.00736	10000.00000	10000.00000	10000.00000	10000.00000	10000.00000	10000.00000	0.00311	0.00311	0.00307	0.00301	0.00299	10000.00000	10000.00000	10000.00000	10000.00000	10000.00000	0.00225	0.00224	0.00221	0.00217	0.00216	0.00701	0.00700	0.00690	0.00676	0.00673	10000.00000	10000.00000	10000.00000	10000.00000	10000.00000	10000.00000	0.00273	0.00272	0.00268	0.00263	0.00262	10000.00000	10000.00000	10000.00000	10000.00000	10000.00000	0.00197	0.00196	0.00194	0.00190	0.00189	0.00613	0.00613	0.00604	0.00592	0.00589	10000.00000	10000.00000	10000.00000	10000.00000	10000.00000	10000.00000
0.00375	0.00374	0.00369	0.00362	0.00360	10000.00000	10000.00000	10000.00000	10000.00000	10000.00000	10000.00000	0.00265	0.00261	0.00256	0.00255	0.00843	0.00843	0.00831	0.00814	0.00809	10000.00000	10000.00000	10000.00000	10000.00000	10000.00000	10000.00000	0.00343	0.00342	0.00337	0.00331	0.00329	0.00000	0.00000	0.00000	0.00000	0.00000	0.00243	0.00242	0.00239	0.00234	0.00233	0.00771	0.00770	0.00759	0.00744	0.00740	10000.00000	10000.00000	10000.00000	10000.00000	10000.00000	10000.00000	0.00300	0.00300	0.00295	0.00289	0.00288	0.00000	0.00000	0.00000	0.00000	0.00000	0.00212	0.00212	0.00209	0.00205	0.00204	0.00675	0.00674	0.00664	0.00651	0.00648	10000.00000	10000.00000	10000.00000	10000.00000	10000.00000	10000.00000	-1.0	-1.0	-1.0	-1.0	-1.0	-1.0	-1.0	-1.0	-1.0	-1.0	-1.0	-1.0	-1.0	-1.0	-1.0	-1.0	-1.0	-1.0	-1.0	-1.0	-1.0	-1.0	-1.0	-1.0	-1.0	-1.0	-1.0	-1.0	-1.0	-1.0	-1.0	-1.0	-1.0	-1.0	-1.0	-1.0
0.00051	0.00051	0.00050	0.00049	0.00049	0.00000	0.00000	0.00000	0.00000	0.00000	0.00039	0.00039	0.00039	0.00038	0.00038	0.00307	0.00306	0.00302	0.00296	0.00294	0.08750	0.08744	0.08619	0.08444	0.08400	0.07875	0.00047	0.00047	0.00046	0.00045	0.00045	0.00000	0.00000	0.00000	0.00000	0.00000	0.00036	0.00036	0.00035	0.00035	0.00035	0.00280	0.00280	0.00276	0.00271	0.00269	0.08000	0.07994	0.07880	0.07720	0.07680	0.07200	0.00041	0.00041	0.00040	0.00039	0.00039	0.00000	0.00000	0.00000	0.00000	0.00000	0.00031	0.00031	0.00031	0.00030	0.00030	0.00245	0.00245	0.00242	0.00237	0.00235	0.07000	0.06995	0.06895	0.06755	0.06720	0.06300	-1.0	-1.0	-1.0	-1.0	-1.0	-1.0	-1.0	-1.0	-1.0	-1.0	-1.0	-1.0	-1.0	-1.0	-1.0	-1.0	-1.0	-1.0	-1.0	-1.0	-1.0	-1.0	-1.0	-1.0	-1.0	-1.0	-1.0	-1.0	-1.0	-1.0	-1.0	-1.0	-1.0	-1.0	-1.0	-1.0
0.00482	0.00481	10000.00000	10000.00000	0.00355	0.00355	0.00803	0.00802	0.00412	0.00411	10000.00000	10000.00000	0.00304	0.00303	0.00686	0.00686	0.00368	0.00368	0.00000	0.00000	0.00271	0.00271	0.00613	0.00613	0.00342	0.00341	0.00337	0.00000	0.00000	0.00000	0.00252	0.00252	0.00248	0.00569	0.00569	0.00561	0.00307	0.00306	0.00302	0.00296	0.00294	0.00000	0.00000	0.00000	0.00000	0.00000	0.00226	0.00226	0.00223	0.00218	0.00217	0.00511	0.00511	0.00503	0.00493	0.00491	10000.00000	10000.00000	10000.00000	10000.00000	10000.00000	10000.00000	0.00280	0.00280	0.00276	0.00271	0.00269	10000.00000	10000.00000	10000.00000	10000.00000	10000.00000	0.00207	0.00207	0.00204	0.00199	0.00198	0.00467	0.00467	0.00460	0.00451	0.00449	10000.00000	10000.00000	10000.00000	10000.00000	10000.00000	10000.00000	0.00245	0.00245	0.00242	0.00237	0.00235	10000.00000	10000.00000	10000.00000	10000.00000	10000.00000	0.00181	0.00181	0.00178	0.00174	0.00174	0.00409	0.00409	0.00403	0.00394	0.00392	10000.00000	10000.00000	10000.00000	10000.00000	10000.00000	10000.00000
0.00134	0.00134	0.00000	0.00000	0.00108	0.00108	0.00361	0.00361	0.00114	0.00114	0.00000	0.00000	0.00092	0.00092	0.00309	0.00309	0.00102	0.00102	0.00000	0.00000	0.00083	0.00082	0.00276	0.00276	0.00095	0.00095	0.00093	0.00000	0.00000	0.00000	0.00077	0.00077	0.00076	0.00256	0.00256	0.00252	0.00085	0.00085	0.00084	0.00082	0.00082	0.00000	0.00000	0.00000	0.00000	0.00000	0.00069	0.00069	0.00068	0.00066	0.00066	0.00230	0.00230	0.00227	0.00222	0.00221	0.08750	0.08744	0.08619	0.08444	0.08400	0.07875	0.00078	0.00078	0.00077	0.00075	0.00075	0.00000	0.00000	0.00000	0.00000	0.00000	0.00063	0.00063	0.00062	0.00061	0.00060	0.00210	0.00210	0.00207	0.00203	0.00202	0.08000	0.07994	0.07880	0.07720	0.07680	0.07200	0.00068	0.00068	0.00067	0.00066	0.00065	0.00000	0.00000	0.00000	0.00000	0.00000	0.00055	0.00055	0.00054	0.00053	0.00053	0.00184	0.00184	0.00181	0.00178	0.00177	0.07000	0.06995	0.06895	0.06755	0.06720	0.06300
]
!demanda 3
d:[
0 0 0 0 0 0 0 0 0 0 	
1672360	1056460	550080	521820	274100	263720	246040	244180	233580	221600
1739254	1109283	566582	542693	287805	271632	255882	256389	240587	230464	
	1742733	1164747	567716	543778	302195	272175	256393	269208	241069	230925	
	1746218	1222985	568851	544866	317305	272719	256906	282669	241551	231387	
	1749711	1284134	569989	545955	333170	273265	257420	296802	242034	231850	
]


dRH:[
0	209		535	313	691	
209	0		429	124	784		
535	429		0	341	982		
313	124		341	0	773	
691	784		982	773	0	
]


dHM:[
0	209		535	313	691	
209	0		429	124	784	
535	429		0	341	982	
313	124		341	0	773	
691	784		982	773	0	
]


dMC:[
445		50		375		747		691		655		286		452		844		552		
303		160		534		830		784		550		274		347		791		410		
224		486		681		917		982		376		422		342		877		335		
315		198		545		742		773		462		286		259		803		422		
1047	639		1063	132		0		729		974		651		237		1154	
]

dYM:[
10 20 30 40  50  
70 80 90 100 110 
5 10 15 20 25 ]

